% ロボットアームの制御テスト用プログラム
P0='(210,0,325,-180,0,0,-3)'; %初期位置
P2=[210,0,325,-100,0,0,-3];
rob.Move(1,P0);